Canada: 38.931099, -77.3489
test: 38.931099, -77.3489
rt: 38.931099, 1
hello: 3, 1
gegeg: 3, 1
ere: 38.931099, -77.3489
gwgg: 38.931099, -77.3489
