test:38.931099,-77.3489
kk:38.931099,-1
